103.6656 43.8511
128.2336 74.4812
111.1392 71.4982
88.0564 60.4654
78.1851 49.4955
171.5723 116.9857
135.5640 56.7725
0.0000 0.0000
133.8282 110.9137
96.6782 86.7830
209.2386 126.7190
100.7302 71.1845
0.0000 0.0000
144.8954 96.3690
118.8307 87.0964
119.5255 75.6692
76.8112 61.7963
151.2578 69.2976
121.1603 96.3837
101.1627 48.8303
298.3714 148.0337
0.0000 0.0000
139.7172 66.2537
113.0934 40.5374
67.1485 53.2595
0.0000 0.0000
131.6839 71.9620
124.9767 45.3049
0.0000 0.0000
118.5174 34.3247
106.5044 65.9814
79.4026 53.2410
96.3350 55.5240
123.3869 57.8019
151.2674 94.1602
125.1243 54.7935
107.7711 72.3886
108.0464 59.2040
0.0000 0.0000
127.4876 79.5227
136.1971 65.4959
110.6781 66.5388
120.0815 52.3323
108.8111 52.3917
123.2216 82.7271
124.0685 55.7348
112.7611 70.9086
85.9285 41.1812
158.2823 103.2705
0.0000 0.0000
98.5775 56.9664
77.2520 53.6371
0.0000 0.0000
114.7479 63.8844
525.3343 303.4421
0.0000 0.0000
0.0000 0.0000
113.0232 52.5137
158.2282 50.3702
103.6171 82.2971
77.5289 34.9229
102.3669 81.5934
125.4334 71.6502
175.5744 89.1626
100.6324 58.5646
86.5671 54.6905
67.0767 56.6706
82.5185 36.2916
86.4170 59.3594
0.0000 0.0000
192.2229 109.8715
67.7409 34.8425
0.0000 0.0000
66.2423 55.8633
0.0000 0.0000
135.5264 87.8775
206.2588 171.3932
367.7416 191.1300
92.8980 32.6060
102.0244 67.4385
128.4307 103.5229
0.0000 0.0000
161.1127 112.2237
94.3156 66.3709
0.0000 0.0000
0.0000 0.0000
142.2124 82.3433
0.0000 0.0000
0.0000 0.0000
95.1819 98.7071
104.0040 65.6688
0.0000 0.0000
0.0000 0.0000
121.5597 64.1705
85.7798 62.6434
125.3952 70.0021
97.8064 80.4081
0.0000 0.0000
67.5894 50.0943
170.7558 122.4113
0.0000 0.0000
131.9091 84.1020
123.0428 104.7522
0.0000 0.0000
163.0462 97.0761
94.8540 92.5959
0.0000 0.0000
185.9013 83.1896
131.3015 73.6855
0.0000 0.0000
74.8842 31.6299
0.0000 0.0000
92.5450 61.3566
0.0000 0.0000
122.1848 53.4621
0.0000 0.0000
198.3212 170.6774
111.2260 91.6985
201.9787 107.8269
169.6641 77.9457
115.3728 101.1615
117.4396 42.8980
107.2444 43.5311
165.9401 85.7204
0.0000 0.0000
117.8161 124.4592
0.0000 0.0000
0.0000 0.0000
0.0000 0.0000
0.0000 0.0000
90.6927 72.7960
84.6412 51.0481
132.0891 45.6672
89.4109 54.5768
138.2420 95.4955
194.1375 112.2583
99.5320 67.8346
93.0198 70.5864
79.5403 56.8745
98.5961 43.4874
137.5749 87.5014
136.1975 84.3734
81.2596 45.2561
0.0000 0.0000
72.4571 61.0826
104.9818 70.7471
0.0000 0.0000
83.9699 60.7761
128.4144 95.7570
112.7313 60.7448
392.3529 211.3477
0.0000 0.0000
161.1255 108.9564
0.0000 0.0000
57.7051 37.1873
186.2830 127.6074
357.9631 237.0179
0.0000 0.0000
111.7943 72.8910
181.1326 81.6721
113.6481 66.0847
115.0807 76.7065
136.7875 95.2169
0.0000 0.0000
152.7225 114.0854
65.4392 66.7810
188.5284 128.2519
100.3164 60.3871
75.4344 50.7500
0.0000 0.0000
126.6688 87.7235
122.9434 65.8099
130.5219 79.7166
128.6741 62.9474
122.3399 92.0231
103.6106 44.8426
134.8316 70.0581
93.4772 66.6350
110.0356 93.5052
115.3241 60.5154
159.3264 71.0500
0.0000 0.0000
175.4556 77.6208
0.0000 0.0000
0.0000 0.0000
229.1505 109.7315
87.8473 41.6984
237.9716 172.5336
0.0000 0.0000
0.0000 0.0000
103.8270 42.4760
106.3803 71.7029
135.0840 85.6683
104.3277 69.5088
108.0175 61.3517
0.0000 0.0000
134.1221 108.2051
146.5718 79.6552
167.0182 84.3827
124.7629 74.4278
